"DESCRIPTION","DURATION IN MS","NAME","PARENT SUITE","START TIME","STATUS","STOP TIME","SUB SUITE","SUITE","TEST CLASS","TEST METHOD"
"","4901","test_admin_connected_peers_contains_peers_only","tests.rest_flags","2026-08-28","passed","2026-08-28","TestAdminFlags","test_admin_flags","",""
"","3635","test_admin_service_peers_contains_expected_addrs_and_protocols","tests.rest_flags","2026-08-28","passed","2026-08-28","TestAdminFlags","test_admin_flags","",""
"","0","test_light_push_after_receiving_node_restarts","tests.light_push","2026-08-28","broken","2026-08-28","TestLightPushPublish","test_publish","",""
"","0","test_filter_subscribe_with_no_content_topic","tests.filter","2026-08-28","broken","2026-08-28","TestFilterSubscribeCreate","test_subscribe_create","",""
"","3845","test_log_level_WARN_from_NOTICE","tests.rest_flags","2026-08-28","passed","2026-08-28","TestAdminFlags","test_admin_flags","",""
"","64010","test_unsubscribe_from_some_content_topics[content_topic_list1]","tests.sharding","2026-08-28","broken","2026-08-28","TestRelayAutosharding","test_relay_auto_sharding","",""
"","0","test_light_push_while_peer_is_paused","tests.light_push","2026-08-28","broken","2026-08-28","TestLightPushPublish","test_publish","",""
"","83020","test_store_sync_small_sync_range","tests.store_sync","2026-08-28","passed","2026-08-28","TestStoreSync","test_store_sync","",""
"","63999","test_verify_node_info","tests.rest_flags","2026-08-28","broken","2026-08-28","TestDebugFlags","test_debug_flags","",""
"","0","test_store_node_paused_and_unpaused","tests.store","2026-08-28","broken","2026-08-28","TestReliability","test_reliability","",""
"","2445","test_admin_set_all_log_levels","tests.rest_flags","2026-08-28","passed","2026-08-28","TestAdminFlags","test_admin_flags","",""
"","64106","test_relay_2_nodes_low_bandwidth_sending_over_time","tests.e2e","2026-08-28","broken","2026-08-28","TestNetworkConditions","test_network_conditions","",""
"","8","test_filter_update_subscription_add_101_new_content_topics","tests.filter","2026-08-28","passed","2026-08-28","TestFilterSubscribeUpdate","test_subscribe_update","",""
"","0","test_filter_subscribe_to_single_topics","tests.filter","2026-08-28","broken","2026-08-28","TestFilterSubscribeCreate","test_subscribe_create","",""
"","820","test_relay_unsubscribe_from_some_pubsub_topics","tests.relay","2026-08-28","passed","2026-08-28","TestRelaySubscribe","test_subscribe","",""
"","0","test_get_peers_two_protocols","tests.peer_connection_management","2026-08-28","skipped","2026-08-28","TestPeerStore","test_peer_store","",""
"","64405","test_store_filter_interaction_with_six_nodes","tests.e2e","2026-08-28","passed","2026-08-28","TestE2E","test_e2e","",""
"","0","test_publish_with_valid_content_topics","tests.relay","2026-08-28","broken","2026-08-28","TestRelayPublish","test_publish","",""
"","63935","test_subscribe_and_publish_on_another_shard","tests.sharding","2026-08-28","broken","2026-08-28","TestRelayStaticSharding","test_relay_static_sharding","",""
"","0","test_get_multiple_2000_store_messages","tests.store","2026-08-28","broken","2026-08-28","TestCursorManyMessages","test_cursor_many_msgs","",""
"","0","test_different_cursor_and_indexes[110-120]","tests.store","2026-08-28","broken","2026-08-28","TestCursor","test_cursor","",""
"","64121","test_filter_auto_sharding_multiple_content_topics","tests.sharding","2026-08-28","broken","2026-08-28","TestFilterAutoSharding","test_filter","",""
"","0","test_light_push_with_payload_less_than_150_kb","tests.light_push","2026-08-28","broken","2026-08-28","TestLightPushPublish","test_publish","",""
"","122","test_filter_unsubscribe_from_non_existing_content_topic","tests.filter","2026-08-28","passed","2026-08-28","TestFilterUnSubscribe","test_unsubscribe","",""
"","63953","test_multiple_content_topics_different_shard","tests.sharding","2026-08-28","broken","2026-08-28","TestRunningNodesAutosharding","test_running_nodes_auto_sharding","",""
"","0","test_filter_get_message_with_valid_payloads","tests.filter","2026-08-28","broken","2026-08-28","TestFilterGetMessages","test_get_messages","",""
"","64002","test_publish_on_not_subscribed_content_topic_works","tests.sharding","2026-08-28","broken","2026-08-28","TestRelayAutosharding","test_relay_auto_sharding","",""
"","0","test_message_relayed_before_store_node_is_started","tests.store","2026-08-28","broken","2026-08-28","TestReliability","test_reliability","",""
"","64132","test_filter_node_not_connected_directly_to_lightpushing_node","tests.e2e","2026-08-28","broken","2026-08-28","TestE2E","test_e2e","",""
"","18","test_filter_unsubscribe_all_on_peer_with_no_subscription","tests.filter","2026-08-28","passed","2026-08-28","TestFilterUnSubscribeAll","test_unsubscribe_all","",""
"","64082","test_three_store_sync_exchange","tests.store_sync","2026-08-28","broken","2026-08-28","TestStoreSync","test_store_sync","",""
"","0","test_publish_with_valid_meta","tests.relay","2026-08-28","broken","2026-08-28","TestRelayPublish","test_publish","",""
"","0","test_filter_get_message_with_150_kb_payload","tests.filter","2026-08-28","broken","2026-08-28","TestFilterGetMessages","test_get_messages","",""
"","13457","test_relay_different_latency_between_two_nodes[500]","tests.e2e","2026-08-28","passed","2026-08-28","TestNetworkConditions","test_network_conditions","",""
"","0","test_verify_node_version2","tests.rest_flags","2026-08-28","skipped","2026-08-28","TestDebugFlags","test_debug_flags","",""
"","70487","test_sync_flags_node2_start_later","tests.store_sync","2026-08-28","passed","2026-08-28","TestStoreSync","test_store_sync","",""
"","63967","test_store_no_peer_selected","tests.e2e","2026-08-28","broken","2026-08-28","TestE2E","test_e2e","",""
"","0","test_get_store_duplicate_messages","tests.store","2026-08-28","broken","2026-08-28","TestGetMessages","test_get_messages","",""
"","0","test_store_not_include_data","tests.store","2026-08-28","broken","2026-08-28","TestApiFlags","test_api_flags","",""
"","64121","test_store_with_filter","tests.store","2026-08-28","broken","2026-08-28","TestRunningNodes","test_running_nodes","",""
"","0","test_get_store_messages_with_wrong_typo_content_topic","tests.store","2026-08-28","broken","2026-08-28","TestApiFlags","test_api_flags","",""
"","3421","test_multiple_content_topics_same_shard[content_topic_list1]","tests.sharding","2026-08-28","passed","2026-08-28","TestRunningNodesAutosharding","test_running_nodes_auto_sharding","",""
"","0","test_passing_cursor_of_non_existing_message_from_the_store","tests.store","2026-08-28","broken","2026-08-28","TestCursor","test_cursor","",""
"","423","test_different_page_size[1]","tests.store","2026-08-28","passed","2026-08-28","TestPageSize","test_page_size","",""
"","2959","test_filter_get_message_after_node1_restarts","tests.filter","2026-08-28","passed","2026-08-28","TestFilterGetMessages","test_get_messages","",""
"","64150","test_chain_of_relay_nodes","tests.e2e","2026-08-28","broken","2026-08-28","TestE2E","test_e2e","",""
"","0","test_publish_after_node2_restarts","tests.relay","2026-08-28","broken","2026-08-28","TestRelayPublish","test_publish","",""
"","3456","test_unsubscribe_from_all_content_topics_one_by_one","tests.sharding","2026-08-28","passed","2026-08-28","TestRelayAutosharding","test_relay_auto_sharding","",""
"","0","test_time_filter_end_time_now","tests.store","2026-08-28","broken","2026-08-28","TestTimeFilter","test_time_filter","",""
"","8","test_light_push_on_non_subscribed_pubsub_topic","tests.light_push","2026-08-28","passed","2026-08-28","TestLightPushPublish","test_publish","",""
"","0","test_store_with_multiple_content_topics","tests.store","2026-08-28","broken","2026-08-28","TestTopics","test_topics","",""
"","63950","test_resubscribe_to_unsubscribed_pubsub_topics","tests.sharding","2026-08-28","broken","2026-08-28","TestRelayStaticSharding","test_relay_static_sharding","",""
"","3038","test_lightpush_with_a_single_receiving_node","tests.light_push","2026-08-28","passed","2026-08-28","TestRunningNodes","test_running_nodes","",""
"","2083","test_invalid_page_size","tests.store","2026-08-28","passed","2026-08-28","TestPageSize","test_page_size","",""
"","64011","test_main_node_only_relay__peer_relay_and_store","tests.store","2026-08-28","broken","2026-08-28","TestRunningNodes","test_running_nodes","",""
"","0","test_filter_get_50_messages","tests.filter","2026-08-28","broken","2026-08-28","TestFilterGetMessages","test_get_messages","",""
"","63945","test_combination_of_different_nodes","tests.light_push","2026-08-28","broken","2026-08-28","TestMultipleNodes","test_multiple_nodes","",""
"","13916","test_relay_2_nodes_packet_reordering","tests.e2e","2026-08-28","passed","2026-08-28","TestNetworkConditions","test_network_conditions","",""
"","64062","test_lightpush_node_with_relay_works_correctly","tests.light_push","2026-08-28","broken","2026-08-28","TestRunningNodes","test_running_nodes","",""
"","0","test_time_filter_matches_no_message","tests.store","2026-08-28","broken","2026-08-28","TestTimeFilter","test_time_filter","",""
"","0","test_time_filter_zero_start_end_time","tests.store","2026-08-28","broken","2026-08-28","TestTimeFilter","test_time_filter","",""
"","0","test_publish_with_valid_version","tests.relay","2026-08-28","broken","2026-08-28","TestRelayPublish","test_publish","",""
"","63999","test_log_level_DEBUG_from_TRACE","tests.rest_flags","2026-08-28","broken","2026-08-28","TestAdminFlags","test_admin_flags","",""
"","0","test_relay_unsubscribe_with_invalid_pubsub_topic_format","tests.relay","2026-08-28","broken","2026-08-28","TestRelaySubscribe","test_subscribe","",""
"","224","test_filter_unsubscribe_from_single_content_topic","tests.filter","2026-08-28","passed","2026-08-28","TestFilterUnSubscribe","test_unsubscribe","",""
"","0","test_store_sort_ascending[false]","tests.store","2026-08-28","broken","2026-08-28","TestSorting","test_sorting","",""
"","0","test_filter_update_subscription_add_a_new_content_topic","tests.filter","2026-08-28","broken","2026-08-28","TestFilterSubscribeUpdate","test_subscribe_update","",""
"","0","test_relay_no_subscription","tests.relay","2026-08-28","broken","2026-08-28","TestRelaySubscribe","test_subscribe","",""
"","8532","test_get_store_messages_with_different_payloads","tests.store","2026-08-28","passed","2026-08-28","TestGetMessages","test_get_messages","",""
"","0","test_relay_unsubscribe_from_non_existing_pubsub_topic","tests.relay","2026-08-28","broken","2026-08-28","TestRelaySubscribe","test_subscribe","",""
"","0","test_store_with_empty_and_valid_hash","tests.store","2026-08-28","broken","2026-08-28","TestHashes","test_hashes","",""
"","0","test_light_push_with_invalid_content_topics","tests.light_push","2026-08-28","broken","2026-08-28","TestLightPushPublish","test_publish","",""
"","4031","test_filter_subscribe_to_29_content_topics_in_separate_calls","tests.filter","2026-08-28","passed","2026-08-28","TestFilterSubscribeCreate","test_subscribe_create","",""
"","362","test_filter_subscribe_to_pubsub_topics_from_multiple_clusters","tests.filter","2026-08-28","passed","2026-08-28","TestFilterSubscribeCreate","test_subscribe_create","",""
"","0","test_publish_with_payload_less_than_150_kb","tests.relay","2026-08-28","broken","2026-08-28","TestRelayPublish","test_publish","",""
"","3","test_filter_unsubscribe_with_no_content_topic","tests.filter","2026-08-28","passed","2026-08-28","TestFilterUnSubscribe","test_unsubscribe","",""
"","758","test_filter_get_message_with_valid_timestamps","tests.filter","2026-08-28","passed","2026-08-28","TestFilterGetMessages","test_get_messages","",""
"","77500","test_relay_packet_loss_applied_mid_way","tests.e2e","2026-08-28","passed","2026-08-28","TestNetworkConditions","test_network_conditions","",""
"","0","test_relay_subscribe_to_already_existing_pubsub_topic","tests.relay","2026-08-28","broken","2026-08-28","TestRelaySubscribe","test_subscribe","",""
"","0","test_all_nodes_subscribed_to_the_topic","tests.filter","2026-08-28","broken","2026-08-28","TestFilterMultipleNodes","test_multiple_nodes","",""
"","0","test_valid_payloads_n1_with_rln_n2_without_rln_at_spam_rate","tests.relay","2026-08-28","skipped","2026-08-28","TestRelayRLN","test_rln","",""
"","2","test_light_push_with_missing_content_topic","tests.light_push","2026-08-28","passed","2026-08-28","TestLightPushPublish","test_publish","",""
"","0","test_idle_filter_subscriptions_after_node_disconnection","tests.filter","2026-08-28","skipped","2026-08-28","TestIdleSubscriptions","test_idle_subscriptions","",""
"","5","test_filter_update_subscription_with_extra_field","tests.filter","2026-08-28","passed","2026-08-28","TestFilterSubscribeUpdate","test_subscribe_update","",""
"","0","test_light_push_with_extra_field","tests.light_push","2026-08-28","broken","2026-08-28","TestLightPushPublish","test_publish","",""
"","3","test_publish_with_invalid_version","tests.relay","2026-08-28","passed","2026-08-28","TestRelayPublish","test_publish","",""
"","63969","test_get_peers_for_filter_node","tests.peer_exchange","2026-08-28","broken","2026-08-28","TestPeerExchange","test_peer_exchange","",""
"","0","test_ping_only_some_nodes_have_subscriptions","tests.filter","2026-08-28","broken","2026-08-28","TestFilterMultipleNodes","test_multiple_nodes","",""
"","63948","test_single_content_topic[/app/29/sometopic/someencoding]","tests.sharding","2026-08-28","broken","2026-08-28","TestRunningNodesAutosharding","test_running_nodes_auto_sharding","",""
"","0","test_relay_get_message_while_one_peer_is_paused","tests.relay","2026-08-28","broken","2026-08-28","TestRelayMultipleNodes","test_multiple_nodes","",""
"","0","test_message_relayed_while_store_node_is_stopped_and_removed","tests.store","2026-08-28","broken","2026-08-28","TestReliability","test_reliability","",""
"","63915","test_single_content_topic[/app/27/sometopic/someencoding]","tests.sharding","2026-08-28","broken","2026-08-28","TestRunningNodesAutosharding","test_running_nodes_auto_sharding","",""
"","1262","test_time_filter_zero_start_time","tests.store","2026-08-28","passed","2026-08-28","TestTimeFilter","test_time_filter","",""
"","64090","test_store_node_not_connected_directly_to_relaying_node","tests.e2e","2026-08-28","broken","2026-08-28","TestE2E","test_e2e","",""
"","2183","test_store_sort_ascending[true]","tests.store","2026-08-28","passed","2026-08-28","TestSorting","test_sorting","",""
"","0","test_time_filter_start_time_after_end_time","tests.store","2026-08-28","broken","2026-08-28","TestTimeFilter","test_time_filter","",""
"","64077","test_subscribe_via_api_to_new_pubsub_topics","tests.sharding","2026-08-28","broken","2026-08-28","TestRelayStaticSharding","test_relay_static_sharding","",""
"","63973","test_content_topic_also_in_docker_flags[/aaaaa/3/bbbbb/proto]","tests.sharding","2026-08-28","broken","2026-08-28","TestRunningNodesStaticSharding","test_running_nodes_static_sharding","",""
"","0","test_light_push_and_retrieve_duplicate_message","tests.light_push","2026-08-28","broken","2026-08-28","TestLightPushPublish","test_publish","",""
"","64141","test_main_node_relay_lightpush__peer_only_filter","tests.light_push","2026-08-28","broken","2026-08-28","TestRunningNodes","test_running_nodes","",""
"","3","test_filter_unsubscribe_all_with_extra_field","tests.filter","2026-08-28","passed","2026-08-28","TestFilterUnSubscribeAll","test_unsubscribe_all","",""
"","0","test_filter_unsubscribe_all_from_few_content_topics","tests.filter","2026-08-28","broken","2026-08-28","TestFilterUnSubscribeAll","test_unsubscribe_all","",""
"","0","test_light_push_with_invalid_version","tests.light_push","2026-08-28","broken","2026-08-28","TestLightPushPublish","test_publish","",""
"","1342","test_time_filter_matches_multiple_messages","tests.store","2026-08-28","passed","2026-08-28","TestTimeFilter","test_time_filter","",""
"","0","test_filter_subscribe_with_no_request_id","tests.filter","2026-08-28","broken","2026-08-28","TestFilterSubscribeCreate","test_subscribe_create","",""
"","0","test_publish_with_valid_payloads","tests.relay","2026-08-28","broken","2026-08-28","TestRelayPublish","test_publish","",""
"","0","test_publish_with_invalid_content_topics","tests.relay","2026-08-28","broken","2026-08-28","TestRelayPublish","test_publish","",""
"","0","test_filter_get_message_after_node2_restarts","tests.filter","2026-08-28","broken","2026-08-28","TestFilterGetMessages","test_get_messages","",""
"","5569","test_metrics_after_relay_publish","tests.metrics","2026-08-28","passed","2026-08-28","TestMetrics","test_metrics","",""
"","25485","test_sync_flags_no_relay_2nodes","tests.store_sync","2026-08-28","passed","2026-08-28","TestStoreSync","test_store_sync","",""
"","0","test_store_with_non_hex_characters_in_hash","tests.store","2026-08-28","broken","2026-08-28","TestHashes","test_hashes","",""
"","6","test_filter_ping_without_request_id","tests.filter","2026-08-28","passed","2026-08-28","TestFilterPing","test_ping","",""
"","0","test_publish_on_multiple_pubsub_topics","tests.relay","2026-08-28","broken","2026-08-28","TestRelayPublish","test_publish","",""
"","2","test_filter_subscribe_with_extra_field","tests.filter","2026-08-28","passed","2026-08-28","TestFilterSubscribeCreate","test_subscribe_create","",""
"","0","test_relay_get_message_after_one_peer_was_stopped","tests.relay","2026-08-28","broken","2026-08-28","TestRelayMultipleNodes","test_multiple_nodes","",""
"","0","test_store_with_unknown_content_topic","tests.store","2026-08-28","broken","2026-08-28","TestTopics","test_topics","",""
"","2","test_metadata_protocol_mounted_also_on_non_1_clusters","tests.logs","2026-08-28","passed","2026-08-28","TestLogs","test_logs","",""
"","0","test_publishing_node_restarts","tests.store","2026-08-28","broken","2026-08-28","TestReliability","test_reliability","",""
"","0","test_publish_with_payload_equal_or_more_150_kb","tests.relay","2026-08-28","broken","2026-08-28","TestRelayPublish","test_publish","",""
"","218","test_get_store_message_with_meta","tests.store","2026-08-28","passed","2026-08-28","TestGetMessages","test_get_messages","",""
"","52932","test_store_sync_five_node_mesh_burst","tests.store_sync","2026-08-28","passed","2026-08-28","TestStoreSync","test_store_sync","",""
"","5085","test_check_sync_when_2_nodes_publish","tests.store_sync","2026-08-28","passed","2026-08-28","TestStoreSync","test_store_sync","",""
"","7","test_store_with_not_valid_content_topic","tests.store","2026-08-28","passed","2026-08-28","TestTopics","test_topics","",""
"","662","test_light_push_after_node_pauses_and_pauses","tests.light_push","2026-08-28","passed","2026-08-28","TestLightPushPublish","test_publish","",""
"","3348","test_multiple_content_topics_same_shard[content_topic_list0]","tests.sharding","2026-08-28","passed","2026-08-28","TestRunningNodesAutosharding","test_running_nodes_auto_sharding","",""
"","0","test_first_node_to_start_publishes","tests.relay","2026-08-28","broken","2026-08-28","TestRelayMultipleNodes","test_multiple_nodes","",""
"","0","test_light_push_with_valid_meta","tests.light_push","2026-08-28","broken","2026-08-28","TestLightPushPublish","test_publish","",""
"","0","test_2_lightpush_nodes_and_2_receiving_nodes","tests.light_push","2026-08-28","skipped","2026-08-28","TestMultipleNodes","test_multiple_nodes","",""
"","0","test_get_store_message_with_version","tests.store","2026-08-28","broken","2026-08-28","TestGetMessages","test_get_messages","",""
"","0","test_publish_with_no_timestamp","tests.relay","2026-08-28","broken","2026-08-28","TestRelayPublish","test_publish","",""
"","840","test_store_with_non_hex_hash","tests.store","2026-08-28","passed","2026-08-28","TestHashes","test_hashes","",""
"","0","test_time_filter_start_time_equals_end_time","tests.store","2026-08-28","broken","2026-08-28","TestTimeFilter","test_time_filter","",""
"","0","test_store_with_peerAddr","tests.store","2026-08-28","broken","2026-08-28","TestApiFlags","test_api_flags","",""
"","111","test_filter_get_message_with_meta","tests.filter","2026-08-28","passed","2026-08-28","TestFilterGetMessages","test_get_messages","",""
"","0","test_different_cursor_and_indexes[3-20]","tests.store","2026-08-28","broken","2026-08-28","TestCursor","test_cursor","",""
"","0","test_store_with_wrong_url_pubsub_topic","tests.store","2026-08-28","broken","2026-08-28","TestTopics","test_topics","",""
"","0","test_relay_subscribe_to_single_pubsub_topic","tests.relay","2026-08-28","broken","2026-08-28","TestRelaySubscribe","test_subscribe","",""
"","64176","test_filter_3_senders_multiple_msg_1_receiver","tests.e2e","2026-08-28","broken","2026-08-28","TestE2E","test_e2e","",""
"","4368","test_subscribe_one_by_one_to_different_content_topics_and_send_messages","tests.sharding","2026-08-28","passed","2026-08-28","TestRelayAutosharding","test_relay_auto_sharding","",""
"","64079","test_cant_retrieve_messages_on_not_subscribed_content_topic","tests.sharding","2026-08-28","broken","2026-08-28","TestRelayAutosharding","test_relay_auto_sharding","",""
"","2662","test_subscribe_and_publish_on_another_content_topic_from_same_shard","tests.sharding","2026-08-28","passed","2026-08-28","TestRelayAutosharding","test_relay_auto_sharding","",""
"","63948","test_msg_not_stored_when_ephemeral_true","tests.e2e","2026-08-28","broken","2026-08-28","TestE2E","test_e2e","",""
"","0","test_filter_get_message_with_ephemeral","tests.filter","2026-08-28","broken","2026-08-28","TestFilterGetMessages","test_get_messages","",""
"","63926","test_single_content_topic[/toychat/2/huilong/proto]","tests.sharding","2026-08-28","broken","2026-08-28","TestRunningNodesAutosharding","test_running_nodes_auto_sharding","",""
"","0","test_light_push_with_valid_timestamps","tests.light_push","2026-08-28","broken","2026-08-28","TestLightPushPublish","test_publish","",""
"","4887","test_admin_peers_stats_counts","tests.rest_flags","2026-08-28","passed","2026-08-28","TestAdminFlags","test_admin_flags","",""
"","0","test_filter_subscribe_with_invalid_request_id","tests.filter","2026-08-28","broken","2026-08-28","TestFilterSubscribeCreate","test_subscribe_create","",""
"","15","test_filter_update_subscription_with_invalid_content_topic_format","tests.filter","2026-08-28","passed","2026-08-28","TestFilterSubscribeUpdate","test_subscribe_update","",""
"","11","test_light_push_with_invalid_pubsub_topics","tests.light_push","2026-08-28","passed","2026-08-28","TestLightPushPublish","test_publish","",""
"","64068","test_admin_service_peers_scalar_required_types","tests.rest_flags","2026-08-28","broken","2026-08-28","TestAdminFlags","test_admin_flags","",""
"","262","test_light_push_with_ephemeral","tests.light_push","2026-08-28","passed","2026-08-28","TestLightPushPublish","test_publish","",""
"","0","test_publishing_node_is_stopped","tests.store","2026-08-28","broken","2026-08-28","TestReliability","test_reliability","",""
"","64145","test_relay_peers_on_shard_contains_connected_peer","tests.rest_flags","2026-08-28","broken","2026-08-28","TestAdminFlags","test_admin_flags","",""
"","63940","test_store_sync_long_chain","tests.store_sync","2026-08-28","broken","2026-08-28","TestStoreSync","test_store_sync","",""
"","0","test_different_cursor_and_indexes[19-20]","tests.store","2026-08-28","broken","2026-08-28","TestCursor","test_cursor","",""
"","3","test_light_push_with_invalid_meta","tests.light_push","2026-08-28","passed","2026-08-28","TestLightPushPublish","test_publish","",""
"","64031","test_relay_receiving_node_not_connected_directly_to_relaying_node","tests.e2e","2026-08-28","broken","2026-08-28","TestE2E","test_e2e","",""
"","0","test_filter_update_subscription_add_30_new_content_topics","tests.filter","2026-08-28","broken","2026-08-28","TestFilterSubscribeUpdate","test_subscribe_update","",""
"","1","test_passing_non_base64_cursor","tests.store","2026-08-28","broken","2026-08-28","TestCursor","test_cursor","",""
"","3410","test_relay_peers_on_shard_schema","tests.rest_flags","2026-08-28","passed","2026-08-28","TestAdminFlags","test_admin_flags","",""
"","0","test_filter_resubscribe_to_unsubscribed_topics","tests.filter","2026-08-28","broken","2026-08-28","TestFilterUnSubscribe","test_unsubscribe","",""
"","0","test_store_with_hashes","tests.store","2026-08-28","broken","2026-08-28","TestHashes","test_hashes","",""
"","64066","test_main_node_relay_and_store__peer_only_relay","tests.store","2026-08-28","broken","2026-08-28","TestRunningNodes","test_running_nodes","",""
"","64133","test_add_peers","tests.peer_connection_management","2026-08-28","broken","2026-08-28","TestPeerStore","test_peer_store","",""
"","11387","test_auto_shard_relay_10_nwaku_nodes","tests.sharding","2026-08-28","passed","2026-08-28","TestMultipleNodes","test_multiple_nodes","",""
"","0","test_different_cursor_and_indexes[10-40]","tests.store","2026-08-28","broken","2026-08-28","TestCursor","test_cursor","",""
"","0","test_filter_unsubscribe_from_pubsub_topics","tests.filter","2026-08-28","broken","2026-08-28","TestFilterUnSubscribe","test_unsubscribe","",""
"","0","test_publish_with_invalid_meta","tests.relay","2026-08-28","broken","2026-08-28","TestRelayPublish","test_publish","",""
"","2391","test_admin_peers_stats_schema","tests.rest_flags","2026-08-28","passed","2026-08-28","TestAdminFlags","test_admin_flags","",""
"","64010","test_content_topic_not_in_docker_flags","tests.sharding","2026-08-28","broken","2026-08-28","TestRunningNodesAutosharding","test_running_nodes_auto_sharding","",""
"","0","test_store_with_wrongPeerAddr","tests.store","2026-08-28","broken","2026-08-28","TestApiFlags","test_api_flags","",""
"","1","test_relay_subscribe_with_multiple_overlapping_pubsub_topics","tests.relay","2026-08-28","broken","2026-08-28","TestRelaySubscribe","test_subscribe","",""
"","346","test_filter_unsubscribe_from_some_of_the_subscribed_content_topics","tests.filter","2026-08-28","passed","2026-08-28","TestFilterUnSubscribe","test_unsubscribe","",""
"","64101","test_relay_with_latency_between_two_nodes","tests.e2e","2026-08-28","broken","2026-08-28","TestNetworkConditions","test_network_conditions","",""
"","64110","test_main_node_relay_and_store__peer_neither_relay_nor_store","tests.store","2026-08-28","broken","2026-08-28","TestRunningNodes","test_running_nodes","",""
"","0","test_filter_update_subscription_refresh_existing","tests.filter","2026-08-28","broken","2026-08-28","TestFilterSubscribeUpdate","test_subscribe_update","",""
"","0","test_filter_ping_on_unsubscribed_peer","tests.filter","2026-08-28","broken","2026-08-28","TestFilterPing","test_ping","",""
"","832","test_store_with_invalid_hash","tests.store","2026-08-28","passed","2026-08-28","TestHashes","test_hashes","",""
"","64131","test_message_relayed_while_store_node_is_stopped_without_removing","tests.store","2026-08-28","broken","2026-08-28","TestReliability","test_reliability","",""
"","4","test_store_with_empty_pubsub_topics","tests.store","2026-08-28","passed","2026-08-28","TestTopics","test_topics","",""
"","64099","test_sender_uses_auto_api_receiver_uses_regular_api","tests.sharding","2026-08-28","broken","2026-08-28","TestRunningNodesAutosharding","test_running_nodes_auto_sharding","",""
"","64104","test_main_node_only_relay__peer_only_relay","tests.store","2026-08-28","broken","2026-08-28","TestRunningNodes","test_running_nodes","",""
"","64084","test_sync_nodes_have_store_true","tests.store_sync","2026-08-28","broken","2026-08-28","TestStoreSync","test_store_sync","",""
"","0","test_relay_subscribe_with_empty_pubsub_topic_list","tests.relay","2026-08-28","broken","2026-08-28","TestRelaySubscribe","test_subscribe","",""
"","64054","test_single_pubsub_topic[/waku/2/rs/199/1]","tests.sharding","2026-08-28","broken","2026-08-28","TestRunningNodesStaticSharding","test_running_nodes_static_sharding","",""
"","64088","test_pubsub_topic_not_in_docker_flags","tests.sharding","2026-08-28","broken","2026-08-28","TestRunningNodesStaticSharding","test_running_nodes_static_sharding","",""
"","64067","test_admin_connected_peers_on_shard_contains_all_three","tests.rest_flags","2026-08-28","broken","2026-08-28","TestAdminFlags","test_admin_flags","",""
"","0","test_publish_and_retrieve_100_messages","tests.relay","2026-08-28","skipped","2026-08-28","TestRelayPublish","test_publish","",""
"","0","test_filter_update_subscription_with_no_request_id","tests.filter","2026-08-28","broken","2026-08-28","TestFilterSubscribeUpdate","test_subscribe_update","",""
"","7790","test_sync_flags","tests.store_sync","2026-08-28","passed","2026-08-28","TestStoreSync","test_store_sync","",""
"","3933","test_store","tests.discv5","2026-08-28","passed","2026-08-28","TestDiscv5","test_discv5","",""
"","64144","test_static_shard_relay_10_nwaku_nodes","tests.sharding","2026-08-28","broken","2026-08-28","TestMultipleNodes","test_multiple_nodes","",""
"","4203","test_check_sync_when_all_3_nodes_publish","tests.store_sync","2026-08-28","passed","2026-08-28","TestStoreSync","test_store_sync","",""
"","0","test_message_light_pushed_on_different_pubsub_topic_is_not_retrieved","tests.light_push","2026-08-28","broken","2026-08-28","TestLightPushPublish","test_publish","",""
"","2073","test_cursor_near_end","tests.store","2026-08-28","passed","2026-08-28","TestCursor","test_cursor","",""
"","15483","test_relay_2_nodes_low_bandwidth_reliability","tests.e2e","2026-08-28","passed","2026-08-28","TestNetworkConditions","test_network_conditions","",""
"","0","test_relay_unsubscribe_from_all_pubsub_topics","tests.relay","2026-08-28","broken","2026-08-28","TestRelaySubscribe","test_subscribe","",""
"","0","test_filter_unsubscribe_with_no_request_id","tests.filter","2026-08-28","broken","2026-08-28","TestFilterUnSubscribe","test_unsubscribe","",""
"","0","test_get_store_messages_with_different_pubsub_topics","tests.store","2026-08-28","broken","2026-08-28","TestGetMessages","test_get_messages","",""
"","64009","test_store_lightpushed_message","tests.store","2026-08-28","broken","2026-08-28","TestRunningNodes","test_running_nodes","",""
"","0","test_publish_with_invalid_timestamps","tests.relay","2026-08-28","broken","2026-08-28","TestRelayPublish","test_publish","",""
"","0","test_filter_unsubscribe_with_extra_field","tests.filter","2026-08-28","broken","2026-08-28","TestFilterUnSubscribe","test_unsubscribe","",""
"","2","test_filter_unsubscribe_all_with_invalid_request_id","tests.filter","2026-08-28","passed","2026-08-28","TestFilterUnSubscribeAll","test_unsubscribe_all","",""
"","6489","test_multiple_receiving_nodes","tests.light_push","2026-08-28","passed","2026-08-28","TestMultipleNodes","test_multiple_nodes","",""
"","1450","test_publishing_node_paused_and_unpaused","tests.store","2026-08-28","passed","2026-08-28","TestReliability","test_reliability","",""
"","262","test_relay_resubscribe_to_unsubscribed_pubsub_topic","tests.relay","2026-08-28","passed","2026-08-28","TestRelaySubscribe","test_subscribe","",""
"","64077","test_store_sync_range_with_zero_jitter","tests.store_sync","2026-08-28","broken","2026-08-28","TestStoreSync","test_store_sync","",""
"","0","test_filter_unsubscribe_with_very_large_request_id","tests.filter","2026-08-28","broken","2026-08-28","TestFilterUnSubscribe","test_unsubscribe","",""
"","0","test_page_size_0_defaults_to_20","tests.store","2026-08-28","broken","2026-08-28","TestPageSize","test_page_size","",""
"","140","test_relay_unsubscribe_from_single_pubsub_topic","tests.relay","2026-08-28","passed","2026-08-28","TestRelaySubscribe","test_subscribe","",""
"","0","test_valid_payloads_dynamic_at_spam_rate","tests.relay","2026-08-28","skipped","2026-08-28","TestRelayRLN","test_rln","",""
"","0","test_valid_payloads_with_optional_nodes_at_slow_rate","tests.relay","2026-08-28","skipped","2026-08-28","TestRelayRLN","test_rln","",""
"","64095","test_multiple_pubsub_topics_same_cluster","tests.sharding","2026-08-28","broken","2026-08-28","TestRunningNodesStaticSharding","test_running_nodes_static_sharding","",""
"","0","test_light_push_with_valid_version","tests.light_push","2026-08-28","broken","2026-08-28","TestLightPushPublish","test_publish","",""
"","5146","test_2_receiving_nodes__relay_node1_forwards_lightpushed_message_to_filter_node2","tests.light_push","2026-08-28","passed","2026-08-28","TestMultipleNodes","test_multiple_nodes","",""
"","64153","test_retrieve_messages_without_subscribing_via_api","tests.sharding","2026-08-28","broken","2026-08-28","TestRelayStaticSharding","test_relay_static_sharding","",""
"","0","test_filter_unsubscribe_from_non_existing_pubsub_topic","tests.filter","2026-08-28","broken","2026-08-28","TestFilterUnSubscribe","test_unsubscribe","",""
"","0","test_light_push_with_payload_of_150_kb","tests.light_push","2026-08-28","broken","2026-08-28","TestLightPushPublish","test_publish","",""
"","3797","test_filter_works_with_auto_sharding","tests.sharding","2026-08-28","passed","2026-08-28","TestFilterAutoSharding","test_filter","",""
"","0","test_extreme_number_page_size","tests.store","2026-08-28","broken","2026-08-28","TestPageSize","test_page_size","",""
"","95135","test_relay_4_nodes_sender_packet_loss_delivery_ratio_simple[loss40]","tests.e2e","2026-08-28","passed","2026-08-28","TestNetworkConditions","test_network_conditions","",""
"","0","test_store_with_empty_hashes","tests.store","2026-08-28","broken","2026-08-28","TestHashes","test_hashes","",""
"","0","test_publish_with_missing_content_topic","tests.relay","2026-08-28","broken","2026-08-28","TestRelayPublish","test_publish","",""
"","2894","test_2_nodes_different_content_topic_different_shard","tests.sharding","2026-08-28","passed","2026-08-28","TestRunningNodesAutosharding","test_running_nodes_auto_sharding","",""
"","63989","test_large_message_payload_sync","tests.store_sync","2026-08-28","broken","2026-08-28","TestStoreSync","test_store_sync","",""
"","63974","test_store_sync_indirect_node","tests.store_sync","2026-08-28","broken","2026-08-28","TestStoreSync","test_store_sync","",""
"","64184","test_single_content_topic[/app/20/sometopic/someencoding]","tests.sharding","2026-08-28","broken","2026-08-28","TestRunningNodesAutosharding","test_running_nodes_auto_sharding","",""
"","0","test_store_include_data","tests.store","2026-08-28","broken","2026-08-28","TestApiFlags","test_api_flags","",""
"","124173","test_store_sync_high_jitter_stress","tests.store_sync","2026-08-28","passed","2026-08-28","TestStoreSync","test_store_sync","",""
"","64078","test_filter_node_not_connected_directly_to_relaying_node","tests.e2e","2026-08-28","broken","2026-08-28","TestE2E","test_e2e","",""
"","8463","test_start_node_with_50_pubsub_topics","tests.sharding","2026-08-28","passed","2026-08-28","TestRunningNodesStaticSharding","test_running_nodes_static_sharding","",""
"","24943","test_relay_4_nodes_sender_packet_loss","tests.e2e","2026-08-28","passed","2026-08-28","TestNetworkConditions","test_network_conditions","",""
"","2644","test_filter","tests.discv5","2026-08-28","passed","2026-08-28","TestDiscv5","test_discv5","",""
"","2553","test_single_content_topic[/app/22/sometopic/someencoding]","tests.sharding","2026-08-28","passed","2026-08-28","TestRunningNodesAutosharding","test_running_nodes_auto_sharding","",""
"","972","test_invalid_hash_param","tests.store","2026-08-28","passed","2026-08-28","TestHashes","test_hashes","",""
"","63968","test_latency_with_load_sender_side","tests.e2e","2026-08-28","broken","2026-08-28","TestNetworkConditions","test_network_conditions","",""
"","0","test_store_with_wrong_url_content_topic","tests.store","2026-08-28","broken","2026-08-28","TestTopics","test_topics","",""
"","0","test_store_with_unknown_pubsub_topic","tests.store","2026-08-28","broken","2026-08-28","TestTopics","test_topics","",""
"","0","test_metrics_after_store_get","tests.metrics","2026-08-28","broken","2026-08-28","TestMetrics","test_metrics","",""
"","0","test_filter_get_message_after_one_peer_was_stopped","tests.filter","2026-08-28","broken","2026-08-28","TestFilterMultipleNodes","test_multiple_nodes","",""
"","1173","test_filter_unsubscribe_all_from_multiple_pubsub_topics","tests.filter","2026-08-28","passed","2026-08-28","TestFilterUnSubscribeAll","test_unsubscribe_all","",""
"","28123","test_node_without_sync_or_relay_stays_empty","tests.store_sync","2026-08-28","passed","2026-08-28","TestStoreSync","test_store_sync","",""
"","64173","test_2_receiving_nodes__relay_node1_forwards_lightpushed_message_to_relay_node2","tests.light_push","2026-08-28","broken","2026-08-28","TestMultipleNodes","test_multiple_nodes","",""
"","0","test_valid_payloads_at_slow_rate","tests.relay","2026-08-28","skipped","2026-08-28","TestRelayRLN","test_rln","",""
"","64049","test_sync_with_nodes_restart__case1","tests.store_sync","2026-08-28","broken","2026-08-28","TestStoreSync","test_store_sync","",""
"","448","test_message_relayed_while_store_node_is_paused","tests.store","2026-08-28","passed","2026-08-28","TestReliability","test_reliability","",""
"","0","test_message_with_both_ephemeral_true_and_false","tests.store","2026-08-28","broken","2026-08-28","TestEphemeral","test_ephemeral","",""
"","228","test_optional_nodes_not_subscribed_to_same_pubsub_topic","tests.relay","2026-08-28","passed","2026-08-28","TestRelayMultipleNodes","test_multiple_nodes","",""
"","1361","test_time_filter_small_timestamp","tests.store","2026-08-28","passed","2026-08-28","TestTimeFilter","test_time_filter","",""
"","24969","test_light_push_with_valid_payloads","tests.light_push","2026-08-28","passed","2026-08-28","TestLightPushPublish","test_publish","",""
"","0","test_passing_invalid_cursor","tests.store","2026-08-28","broken","2026-08-28","TestCursor","test_cursor","",""
"","64067","test_unsubscribe_from_all_pubsub_topics","tests.sharding","2026-08-28","broken","2026-08-28","TestRelayStaticSharding","test_relay_static_sharding","",""
"","64026","test_main_node_relay_lightpush__peer_only_relay","tests.light_push","2026-08-28","broken","2026-08-28","TestRunningNodes","test_running_nodes","",""
"","63947","test_subscribe_one_by_one_to_different_pubsub_topics_and_send_messages","tests.sharding","2026-08-28","broken","2026-08-28","TestRelayStaticSharding","test_relay_static_sharding","",""
"","64062","test_metrics_initial_value","tests.metrics","2026-08-28","skipped","2026-08-28","TestMetrics","test_metrics","",""
"","0","test_cursor_at_page_size_boundary","tests.store","2026-08-28","broken","2026-08-28","TestCursor","test_cursor","",""
"","0","test_publish_with_extra_field","tests.relay","2026-08-28","broken","2026-08-28","TestRelayPublish","test_publish","",""
"","2467","test_unsubscribe_from_non_subscribed_pubsub_topics","tests.sharding","2026-08-28","passed","2026-08-28","TestRelayStaticSharding","test_relay_static_sharding","",""
"","64122","test_single_pubsub_topic[/waku/2/rs/8/0]","tests.sharding","2026-08-28","broken","2026-08-28","TestRunningNodesStaticSharding","test_running_nodes_static_sharding","",""
"","0","test_metrics_after_filter_get","tests.metrics","2026-08-28","broken","2026-08-28","TestMetrics","test_metrics","",""
"","0","test_light_push_with_no_timestamp","tests.light_push","2026-08-28","broken","2026-08-28","TestLightPushPublish","test_publish","",""
"","3","test_filter_unsubscribe_with_pubsub_topic_string_instead_of_list","tests.filter","2026-08-28","passed","2026-08-28","TestFilterUnSubscribe","test_unsubscribe","",""
"","0","test_filter_get_message_duplicate_message","tests.filter","2026-08-28","broken","2026-08-28","TestFilterGetMessages","test_get_messages","",""
"","2438","test_admin_filter_subscriptions_shape","tests.rest_flags","2026-08-28","passed","2026-08-28","TestAdminFlags","test_admin_flags","",""
"","64055","test_unsubscribe_from_all_pubsub_topics_one_by_one","tests.sharding","2026-08-28","broken","2026-08-28","TestRelayStaticSharding","test_relay_static_sharding","",""
"","0","test_use_persistent_storage_survive_restart","tests.peer_connection_management","2026-08-28","skipped","2026-08-28","TestPeerStore","test_peer_store","",""
"","0","test_filter_update_subscription_add_a_new_pubsub_topic","tests.filter","2026-08-28","broken","2026-08-28","TestFilterSubscribeUpdate","test_subscribe_update","",""
"","64101","test_relay_packet_loss_correlated_vs_uncorrelated","tests.e2e","2026-08-28","broken","2026-08-28","TestNetworkConditions","test_network_conditions","",""
"","64070","test_single_pubsub_topic[/waku/2/rs/999/999]","tests.sharding","2026-08-28","broken","2026-08-28","TestRunningNodesStaticSharding","test_running_nodes_static_sharding","",""
"","63937","test_static_shard_relay","tests.sharding","2026-08-28","broken","2026-08-28","TestMultipleNodes","test_multiple_nodes","",""
"","0","test_filter_get_message_with_version","tests.filter","2026-08-28","broken","2026-08-28","TestFilterGetMessages","test_get_messages","",""
"","0","test_filter_update_subscription_with_pubsub_topic_list_instead_of_string","tests.filter","2026-08-28","broken","2026-08-28","TestFilterSubscribeUpdate","test_subscribe_update","",""
"","63916","test_relay_4_nodes_two_publishers_compare_latency","tests.e2e","2026-08-28","broken","2026-08-28","TestNetworkConditions","test_network_conditions","",""
"","0","test_valid_payloads_with_optional_nodes_at_spam_rate","tests.relay","2026-08-28","skipped","2026-08-28","TestRelayRLN","test_rln","",""
"","38974","test_repeated_filter_requestID","tests.e2e","2026-08-28","passed","2026-08-28","TestE2E","test_e2e","",""
"","2495","test_unsubscribe_from_non_subscribed_content_topics","tests.sharding","2026-08-28","passed","2026-08-28","TestRelayAutosharding","test_relay_auto_sharding","",""
"","0","test_cursor_pointing_to_deleted_message","tests.store","2026-08-28","broken","2026-08-28","TestCursor","test_cursor","",""
"","0","test_light_push_with_missing_payload","tests.light_push","2026-08-28","broken","2026-08-28","TestLightPushPublish","test_publish","",""
"","705","test_light_push_with_payload_of_1_MB","tests.light_push","2026-08-28","passed","2026-08-28","TestLightPushPublish","test_publish","",""
"","0","test_filter_subscribe_to_multiple_pubsub_topic_from_same_cluster","tests.filter","2026-08-28","broken","2026-08-28","TestFilterSubscribeCreate","test_subscribe_create","",""
"","0","test_different_page_size[11]","tests.store","2026-08-28","broken","2026-08-28","TestPageSize","test_page_size","",""
"","64119","test_relay_packet_loss_sender_vs_receiver","tests.e2e","2026-08-28","broken","2026-08-28","TestNetworkConditions","test_network_conditions","",""
"","0","test_peer_store_content_after_node2_restarts","tests.peer_connection_management","2026-08-28","skipped","2026-08-28","TestPeerStore","test_peer_store","",""
"","10945","test_different_cursor_and_indexes[19-50]","tests.store","2026-08-28","passed","2026-08-28","TestCursor","test_cursor","",""
"","11","test_light_push_with_with_large_meta","tests.light_push","2026-08-28","passed","2026-08-28","TestLightPushPublish","test_publish","",""
"","0","test_relay_subscribe_with_invalid_pubsub_topic_format","tests.relay","2026-08-28","broken","2026-08-28","TestRelaySubscribe","test_subscribe","",""
"","64158","test_publish_without_subscribing_via_api_works","tests.sharding","2026-08-28","broken","2026-08-28","TestRelayAutosharding","test_relay_auto_sharding","",""
"","0","test_filter_unsubscribe_with_no_pubsub_topic","tests.filter","2026-08-28","broken","2026-08-28","TestFilterUnSubscribe","test_unsubscribe","",""
"","6","test_store_is_empty","tests.store","2026-08-28","passed","2026-08-28","TestGetMessages","test_get_messages","",""
"","844","test_store_invalid_ascending","tests.store","2026-08-28","passed","2026-08-28","TestSorting","test_sorting","",""
"","64159","test_admin_connected_peers_scalar_types","tests.rest_flags","2026-08-28","broken","2026-08-28","TestAdminFlags","test_admin_flags","",""
"","44","test_store_with_one_content_topic","tests.store","2026-08-28","passed","2026-08-28","TestTopics","test_topics","",""
"","1247","test_time_filter_negative_end_time","tests.store","2026-08-28","passed","2026-08-28","TestTimeFilter","test_time_filter","",""
"","64014","test_msg_stored_when_ephemeral_false","tests.e2e","2026-08-28","broken","2026-08-28","TestE2E","test_e2e","",""
"","64002","test_main_node_only_lightpush__peer_full","tests.light_push","2026-08-28","broken","2026-08-28","TestRunningNodes","test_running_nodes","",""
"","0","test_store_node_restarts","tests.store","2026-08-28","broken","2026-08-28","TestReliability","test_reliability","",""
"","1257","test_time_filter_big_timestamp","tests.store","2026-08-28","passed","2026-08-28","TestTimeFilter","test_time_filter","",""
"","0","test_light_push_on_multiple_pubsub_topics","tests.light_push","2026-08-28","broken","2026-08-28","TestLightPushPublish","test_publish","",""
"","63938","test_relay_different_latency_between_two_nodes[5000]","tests.e2e","2026-08-28","broken","2026-08-28","TestNetworkConditions","test_network_conditions","",""
"","64066","test_main_node_relay_and_store__peer_relay_and_store","tests.store","2026-08-28","broken","2026-08-28","TestRunningNodes","test_running_nodes","",""
"","0","test_filter_update_subscription_with_invalid_request_id","tests.filter","2026-08-28","broken","2026-08-28","TestFilterSubscribeUpdate","test_subscribe_update","",""
"","224","test_publish_with_ephemeral","tests.relay","2026-08-28","passed","2026-08-28","TestRelayPublish","test_publish","",""
"","64020","test_metrics_after_light_push","tests.metrics","2026-08-28","broken","2026-08-28","TestMetrics","test_metrics","",""
"","0","test_publish_while_peer_is_paused","tests.relay","2026-08-28","broken","2026-08-28","TestRelayPublish","test_publish","",""
"","0","test_filter_update_subscription_with_no_content_topic","tests.filter","2026-08-28","broken","2026-08-28","TestFilterSubscribeUpdate","test_subscribe_update","",""
"","234","test_filter_unsubscribe_from_all_subscribed_content_topics","tests.filter","2026-08-28","passed","2026-08-28","TestFilterUnSubscribe","test_unsubscribe","",""
"","64143","test_relay_different_latency_between_two_nodes[1000]","tests.e2e","2026-08-28","broken","2026-08-28","TestNetworkConditions","test_network_conditions","",""
"","64139","test_single_pubsub_topic[/waku/2/rs/5/0]","tests.sharding","2026-08-28","broken","2026-08-28","TestRunningNodesStaticSharding","test_running_nodes_static_sharding","",""
"","0","test_different_cursor_and_indexes[2-4]","tests.store","2026-08-28","broken","2026-08-28","TestCursor","test_cursor","",""
"","0","test_publish_after_node1_restarts","tests.relay","2026-08-28","broken","2026-08-28","TestRelayPublish","test_publish","",""
"","64086","test_unsubscribe_from_some_pubsub_topics","tests.sharding","2026-08-28","broken","2026-08-28","TestRelayStaticSharding","test_relay_static_sharding","",""
"","64084","test_relay_4_nodes_sender_packet_loss_delivery_ratio_simple[loss60]","tests.e2e","2026-08-28","skipped","2026-08-28","TestNetworkConditions","test_network_conditions","",""
"","0","test_filter_subscribe_with_invalid_pubsub_topic_format","tests.filter","2026-08-28","broken","2026-08-28","TestFilterSubscribeCreate","test_subscribe_create","",""
"","0","test_main_node_only_lightpush__peer_only_lightpush","tests.light_push","2026-08-28","skipped","2026-08-28","TestRunningNodes","test_running_nodes","",""
"","0","test_on_postgress_db_with_one_message","tests.store","2026-08-28","broken","2026-08-28","TestExternalDb","test_external_db","",""
"","63919","test_single_content_topic[/waku/2/content/test.js]","tests.sharding","2026-08-28","broken","2026-08-28","TestRunningNodesAutosharding","test_running_nodes_auto_sharding","",""
"","64099","test_subscribe_via_api_to_new_content_topics[content_topic_list0]","tests.sharding","2026-08-28","broken","2026-08-28","TestRelayAutosharding","test_relay_auto_sharding","",""
"","2717","test_content_topic_also_in_docker_flags[/toychat/2/huilong/proto]","tests.sharding","2026-08-28","passed","2026-08-28","TestRunningNodesStaticSharding","test_running_nodes_static_sharding","",""
"","63957","test_relay_2_nodes_temporary_blackout_recovers_no_helpers","tests.e2e","2026-08-28","broken","2026-08-28","TestNetworkConditions","test_network_conditions","",""
"","0","test_valid_payloads_dynamic_at_slow_rate","tests.relay","2026-08-28","skipped","2026-08-28","TestRelayRLN","test_rln","",""
"","0","test_store_without_encoding_pubsubtopic","tests.store","2026-08-28","broken","2026-08-28","TestTopics","test_topics","",""
"","64042","test_get_peers_for_blank_node","tests.peer_exchange","2026-08-28","broken","2026-08-28","TestPeerExchange","test_peer_exchange","",""
"","64010","test_store_node_not_connected_directly_to_lightpushing_node","tests.e2e","2026-08-28","broken","2026-08-28","TestE2E","test_e2e","",""
"","2","test_filter_subscribe_with_no_pubsub_topic","tests.filter","2026-08-28","passed","2026-08-28","TestFilterSubscribeCreate","test_subscribe_create","",""
"","2070","test_empty_cursor","tests.store","2026-08-28","passed","2026-08-28","TestCursor","test_cursor","",""
"","63937","test_log_level_FATAL_from_ERROR","tests.rest_flags","2026-08-28","broken","2026-08-28","TestAdminFlags","test_admin_flags","",""
"","64165","test_sync_messages_received_via_lightpush","tests.store_sync","2026-08-28","broken","2026-08-28","TestStoreSync","test_store_sync","",""
"","0","test_filter_unsubscribe_all_from_90_content_topics","tests.filter","2026-08-28","broken","2026-08-28","TestFilterUnSubscribeAll","test_unsubscribe_all","",""
"","0","test_cursor_equal_to_first_message","tests.store","2026-08-28","broken","2026-08-28","TestCursor","test_cursor","",""
"","8346","test_different_page_size[39]","tests.store","2026-08-28","passed","2026-08-28","TestPageSize","test_page_size","",""
"","74637","test_relay_7_nodes_3sec_latency","tests.e2e","2026-08-28","passed","2026-08-28","TestNetworkConditions","test_network_conditions","",""
"","0","test_filter_get_message_while_one_peer_is_paused","tests.filter","2026-08-28","broken","2026-08-28","TestFilterMultipleNodes","test_multiple_nodes","",""
"","0","test_publish_on_non_subscribed_pubsub_topic","tests.relay","2026-08-28","broken","2026-08-28","TestRelayPublish","test_publish","",""
"","0","test_different_page_size[81]","tests.store","2026-08-28","broken","2026-08-28","TestPageSize","test_page_size","",""
"","63947","test_store_sync_range_with_jitter_catches_old_messages","tests.store_sync","2026-08-28","broken","2026-08-28","TestStoreSync","test_store_sync","",""
"","64011","test_admin_relay_peers_contains_all_relay_peers","tests.rest_flags","2026-08-28","broken","2026-08-28","TestAdminFlags","test_admin_flags","",""
"","241","test_filter_subscribe_refresh","tests.filter","2026-08-28","passed","2026-08-28","TestFilterSubscribeCreate","test_subscribe_create","",""
"","64070","test_relay_different_latency_between_two_nodes[7000]","tests.e2e","2026-08-28","broken","2026-08-28","TestNetworkConditions","test_network_conditions","",""
"","0","test_filter_update_subscription_with_no_pubsub_topic","tests.filter","2026-08-28","broken","2026-08-28","TestFilterSubscribeUpdate","test_subscribe_update","",""
"","0","test_store_with_long_string_pubsub_topic","tests.store","2026-08-28","broken","2026-08-28","TestTopics","test_topics","",""
"","0","test_filter_subscribe_to_100_content_topics_in_one_call","tests.filter","2026-08-28","broken","2026-08-28","TestFilterSubscribeCreate","test_subscribe_create","",""
"","3542","test_main_node_full__peer_full","tests.light_push","2026-08-28","passed","2026-08-28","TestRunningNodes","test_running_nodes","",""
"","64133","test_multiple_edge_service_nodes_communication","tests.e2e","2026-08-28","broken","2026-08-28","TestE2E","test_e2e","",""
"","0","test_publish_with_valid_timestamps","tests.relay","2026-08-28","broken","2026-08-28","TestRelayPublish","test_publish","",""
"","419","test_messages_with_timestamps_far_from_now","tests.store","2026-08-28","passed","2026-08-28","TestTimeFilter","test_time_filter","",""
"","64090","test_sync_with_nodes_restart__case2","tests.store_sync","2026-08-28","broken","2026-08-28","TestStoreSync","test_store_sync","",""
"","12931","test_relay_different_latency_between_two_nodes[200]","tests.e2e","2026-08-28","passed","2026-08-28","TestNetworkConditions","test_network_conditions","",""
"","64034","test_filter_20_senders_1_receiver","tests.e2e","2026-08-28","broken","2026-08-28","TestE2E","test_e2e","",""
"","64055","test_relay_4_nodes_sender_latency","tests.e2e","2026-08-28","broken","2026-08-28","TestNetworkConditions","test_network_conditions","",""
"","64024","test_single_content_topic[/statusim/1/community/cbor]","tests.sharding","2026-08-28","broken","2026-08-28","TestRunningNodesAutosharding","test_running_nodes_auto_sharding","",""
"","0","test_message_with_ephemeral_false","tests.store","2026-08-28","broken","2026-08-28","TestEphemeral","test_ephemeral","",""
"","0","test_valid_payloads_random_user_message_limit","tests.relay","2026-08-28","skipped","2026-08-28","TestRelayRLN","test_rln","",""
"","64047","test_resubscribe_to_unsubscribed_content_topics","tests.sharding","2026-08-28","broken","2026-08-28","TestRelayAutosharding","test_relay_auto_sharding","",""
"","1","test_store_with_excessive_length_hash","tests.store","2026-08-28","broken","2026-08-28","TestHashes","test_hashes","",""
"","64058","test_relay_receiving_node_not_connected_directly_to_lightpushing_node","tests.e2e","2026-08-28","broken","2026-08-28","TestE2E","test_e2e","",""
"","64051","test_node_uses_both_auto_and_regular_apis","tests.sharding","2026-08-28","broken","2026-08-28","TestRunningNodesAutosharding","test_running_nodes_auto_sharding","",""
"","0","test_messages_with_timestamps_close_to_now","tests.store","2026-08-28","broken","2026-08-28","TestTimeFilter","test_time_filter","",""
"","0","test_light_push_with_invalid_timestamps","tests.light_push","2026-08-28","broken","2026-08-28","TestLightPushPublish","test_publish","",""
"","63928","test_subscribe_and_publish_on_another_content_topic_from_another_shard","tests.sharding","2026-08-28","broken","2026-08-28","TestRelayAutosharding","test_relay_auto_sharding","",""
"","0","test_valid_payload_at_variable_rate","tests.relay","2026-08-28","skipped","2026-08-28","TestRelayRLN","test_rln","",""
"","64081","test_unsubscribe_from_all_content_topics","tests.sharding","2026-08-28","broken","2026-08-28","TestRelayAutosharding","test_relay_auto_sharding","",""
"","20695","test_different_page_size[99]","tests.store","2026-08-28","passed","2026-08-28","TestPageSize","test_page_size","",""
"","0","test_light_push_and_retrieve_100_messages","tests.light_push","2026-08-28","skipped","2026-08-28","TestLightPushPublish","test_publish","",""
"","64053","test_high_message_volume_sync","tests.store_sync","2026-08-28","broken","2026-08-28","TestStoreSync","test_store_sync","",""
"","64111","test_single_pubsub_topic[/waku/2/rs/199/0]","tests.sharding","2026-08-28","broken","2026-08-28","TestRunningNodesStaticSharding","test_running_nodes_static_sharding","",""
"","2746","test_filter_works_with_static_sharding","tests.sharding","2026-08-28","passed","2026-08-28","TestFilterStaticSharding","test_filter","",""
"","2901","test_single_pubsub_topic[/waku/2/rs/5/999]","tests.sharding","2026-08-28","passed","2026-08-28","TestRunningNodesStaticSharding","test_running_nodes_static_sharding","",""
"","15","test_filter_ping_on_peer_without_subscription","tests.filter","2026-08-28","passed","2026-08-28","TestFilterPing","test_ping","",""
"","0","test_invalid_pagination_cursor_param","tests.store","2026-08-28","broken","2026-08-28","TestCursor","test_cursor","",""
"","64106","test_sync_nodes_are_not_relay_and_have_storenode_set","tests.store_sync","2026-08-28","broken","2026-08-28","TestStoreSync","test_store_sync","",""
"","387","test_filter_get_message_after_node_pauses_and_pauses","tests.filter","2026-08-28","passed","2026-08-28","TestFilterGetMessages","test_get_messages","",""
"","89794","test_relay_4_nodes_sender_packet_loss_50_15sec_timeout","tests.e2e","2026-08-28","passed","2026-08-28","TestNetworkConditions","test_network_conditions","",""
"","64048","test_cant_publish_on_not_subscribed_shard","tests.sharding","2026-08-28","broken","2026-08-28","TestRelayStaticSharding","test_relay_static_sharding","",""
"","0","test_store_without_pubsub_topic_and_content_topic","tests.store","2026-08-28","broken","2026-08-28","TestTopics","test_topics","",""
"","0","test_valid_payloads_lightpush_at_spam_rate","tests.relay","2026-08-28","skipped","2026-08-28","TestRelayRLN","test_rln","",""
"","0","test_store_with_duplicate_hashes","tests.store","2026-08-28","broken","2026-08-28","TestHashes","test_hashes","",""
"","125","test_message_published_on_different_pubsub_topic_is_not_retrieved","tests.relay","2026-08-28","passed","2026-08-28","TestRelayPublish","test_publish","",""
"","64144","test_publish_on_multiple_content_topics_and_only_after_fetch_them[content_topic_list1]","tests.sharding","2026-08-28","broken","2026-08-28","TestRelayAutosharding","test_relay_auto_sharding","",""
"","64002","test_get_peers","tests.peer_connection_management","2026-08-28","broken","2026-08-28","TestPeerStore","test_peer_store","",""
"","2657","test_main_node_only_relay__peer_only_store","tests.store","2026-08-28","passed","2026-08-28","TestRunningNodes","test_running_nodes","",""
"","2411","test_admin_peer_by_id","tests.rest_flags","2026-08-28","passed","2026-08-28","TestAdminFlags","test_admin_flags","",""
"","63938","test_log_level_INFO_from_DEBUG","tests.rest_flags","2026-08-28","broken","2026-08-28","TestAdminFlags","test_admin_flags","",""
"","0","test_store_with_wrong_hash","tests.store","2026-08-28","broken","2026-08-28","TestHashes","test_hashes","",""
"","63943","test_continuous_store_sync","tests.store_sync","2026-08-28","broken","2026-08-28","TestStoreSync","test_store_sync","",""
"","64076","test_store_sync_overlap_sync_window","tests.store_sync","2026-08-28","broken","2026-08-28","TestStoreSync","test_store_sync","",""
"","0","test_time_filter_invalid_start_time","tests.store","2026-08-28","broken","2026-08-28","TestTimeFilter","test_time_filter","",""
"","2900","test_content_topic_and_pubsub_topic_not_in_docker_flags","tests.sharding","2026-08-28","passed","2026-08-28","TestRunningNodesAutosharding","test_running_nodes_auto_sharding","",""
"","0","test_store_with_multiple_hashes","tests.store","2026-08-28","broken","2026-08-28","TestHashes","test_hashes","",""
"","0","test_publish_and_retrieve_duplicate_message","tests.relay","2026-08-28","broken","2026-08-28","TestRelayPublish","test_publish","",""
"","63945","test_2_nodes_different_cluster_different_shard","tests.sharding","2026-08-28","broken","2026-08-28","TestRunningNodesStaticSharding","test_running_nodes_static_sharding","",""
"","0","test_filter_subscribe_to_101_content_topics","tests.filter","2026-08-28","broken","2026-08-28","TestFilterSubscribeCreate","test_subscribe_create","",""
"","0","test_publish_after_node_pauses_and_pauses","tests.relay","2026-08-28","broken","2026-08-28","TestRelayPublish","test_publish","",""
"","0","test_valid_payloads_at_spam_rate","tests.relay","2026-08-28","skipped","2026-08-28","TestRelayRLN","test_rln","",""
"","1698","test_get_store_messages_with_different_content_topics","tests.store","2026-08-28","passed","2026-08-28","TestGetMessages","test_get_messages","",""
"","0","test_light_push_with_invalid_payloads","tests.light_push","2026-08-28","broken","2026-08-28","TestLightPushPublish","test_publish","",""
"","103026","test_store_sync_after_partition_under_100_msgs","tests.store_sync","2026-08-28","passed","2026-08-28","TestStoreSync","test_store_sync","",""
"","2574","test_2_nodes_different_cluster_same_shard","tests.sharding","2026-08-28","passed","2026-08-28","TestRunningNodesStaticSharding","test_running_nodes_static_sharding","",""
"","2716","test_2_nodes_different_content_topic_same_shard","tests.sharding","2026-08-28","passed","2026-08-28","TestRunningNodesAutosharding","test_running_nodes_auto_sharding","",""
"","0","test_filter_subscribe_with_multiple_overlapping_content_topics","tests.filter","2026-08-28","broken","2026-08-28","TestFilterSubscribeCreate","test_subscribe_create","",""
"","0","test_filter_unsubscribe_with_content_topic_string_instead_of_list","tests.filter","2026-08-28","broken","2026-08-28","TestFilterUnSubscribe","test_unsubscribe","",""
"","0","test_store_with_both_pubsub_topic_and_content_topic","tests.store","2026-08-28","broken","2026-08-28","TestTopics","test_topics","",""
"","64141","test_single_content_topic[/myapp/1/latest/proto]","tests.sharding","2026-08-28","broken","2026-08-28","TestRunningNodesAutosharding","test_running_nodes_auto_sharding","",""
"","64054","test_filter_static_sharding_multiple_shards","tests.sharding","2026-08-28","broken","2026-08-28","TestFilterStaticSharding","test_filter","",""
"","0","test_publish_with_missing_payload","tests.relay","2026-08-28","broken","2026-08-28","TestRelayPublish","test_publish","",""
"","0","test_passing_cursor_not_returned_in_paginationCursor","tests.store","2026-08-28","broken","2026-08-28","TestCursor","test_cursor","",""
"","0","test_store_with_wrong_encoding_pubsubtopic","tests.store","2026-08-28","broken","2026-08-28","TestTopics","test_topics","",""
"","0","test_filter_subscribe_to_pubsub_topic_from_another_cluster_id","tests.filter","2026-08-28","broken","2026-08-28","TestFilterSubscribeCreate","test_subscribe_create","",""
"","0","test_filter_unsubscribe_with_invalid_request_id","tests.filter","2026-08-28","broken","2026-08-28","TestFilterUnSubscribe","test_unsubscribe","",""
"","63950","test_multiple_content_topics_and_multiple_pubsub_topics","tests.sharding","2026-08-28","broken","2026-08-28","TestRunningNodesAutosharding","test_running_nodes_auto_sharding","",""
"","64006","test_sync_with_one_node_with_delayed_start","tests.store_sync","2026-08-28","broken","2026-08-28","TestStoreSync","test_store_sync","",""
"","64146","test_admin_peers_mesh_on_shard_contains_node2","tests.rest_flags","2026-08-28","broken","2026-08-28","TestAdminFlags","test_admin_flags","",""
"","0","test_publish_with_invalid_payloads","tests.relay","2026-08-28","broken","2026-08-28","TestRelayPublish","test_publish","",""
"","63942","test_relay_2_nodes_bandwidth_low_vs_high_drain_time","tests.e2e","2026-08-28","broken","2026-08-28","TestNetworkConditions","test_network_conditions","",""
"","0","test_idle_filter_subscriptions_for_more_than_5_nodes","tests.filter","2026-08-28","skipped","2026-08-28","TestIdleSubscriptions","test_idle_subscriptions","",""
"","0","test_message_with_ephemeral_true","tests.store","2026-08-28","broken","2026-08-28","TestEphemeral","test_ephemeral","",""
"","1246","test_time_filter_negative_start_time","tests.store","2026-08-28","passed","2026-08-28","TestTimeFilter","test_time_filter","",""
"","64166","test_relay","tests.discv5","2026-08-28","broken","2026-08-28","TestDiscv5","test_discv5","",""
"","0","test_light_push_after_light_push_node_restarts","tests.light_push","2026-08-28","broken","2026-08-28","TestLightPushPublish","test_publish","",""
"","64054","test_multiple_lightpush_nodes","tests.light_push","2026-08-28","broken","2026-08-28","TestMultipleNodes","test_multiple_nodes","",""
"","64043","test_publish_on_multiple_pubsub_topics_and_only_after_fetch_them","tests.sharding","2026-08-28","broken","2026-08-28","TestRelayStaticSharding","test_relay_static_sharding","",""
"","0","test_negative_number_page_size","tests.store","2026-08-28","broken","2026-08-28","TestPageSize","test_page_size","",""
"","64068","test_auto_shard_relay","tests.sharding","2026-08-28","broken","2026-08-28","TestMultipleNodes","test_multiple_nodes","",""
"","221","test_on_empty_postgress_db","tests.store","2026-08-28","passed","2026-08-28","TestExternalDb","test_external_db","",""
"","64056","test_log_level_NOTICE_from_INFO","tests.rest_flags","2026-08-28","broken","2026-08-28","TestAdminFlags","test_admin_flags","",""
"","2628","test_publish_on_multiple_content_topics_and_only_after_fetch_them[content_topic_list0]","tests.sharding","2026-08-28","passed","2026-08-28","TestRelayAutosharding","test_relay_auto_sharding","",""
"","0","test_max_page_size","tests.store","2026-08-28","broken","2026-08-28","TestPageSize","test_page_size","",""
"","0","test_passing_cursor_of_the_last_message_from_the_store","tests.store","2026-08-28","broken","2026-08-28","TestCursor","test_cursor","",""
"","0","test_filter_get_message_with_extra_field","tests.filter","2026-08-28","broken","2026-08-28","TestFilterGetMessages","test_get_messages","",""
"","11","test_filter_unsubscribe_from_101_content_topics","tests.filter","2026-08-28","passed","2026-08-28","TestFilterUnSubscribe","test_unsubscribe","",""
"","63999","test_log_level_ERROR_from_WARN","tests.rest_flags","2026-08-28","broken","2026-08-28","TestAdminFlags","test_admin_flags","",""
"","3767","test_lightpush","tests.discv5","2026-08-28","passed","2026-08-28","TestDiscv5","test_discv5","",""
"","64057","test_admin_relay_peers_schema","tests.rest_flags","2026-08-28","broken","2026-08-28","TestAdminFlags","test_admin_flags","",""
"","0","test_last_node_to_start_publishes","tests.relay","2026-08-28","broken","2026-08-28","TestRelayMultipleNodes","test_multiple_nodes","",""
"","0","test_store_with_unknown_pubsub_topic_but_known_content_topic","tests.store","2026-08-28","broken","2026-08-28","TestTopics","test_topics","",""
"","63977","test_unsubscribe_from_some_content_topics[content_topic_list0]","tests.sharding","2026-08-28","broken","2026-08-28","TestRelayAutosharding","test_relay_auto_sharding","",""
"","2565","test_retrieve_messages_without_subscribing_via_api","tests.sharding","2026-08-28","passed","2026-08-28","TestRelayAutosharding","test_relay_auto_sharding","",""
"","64050","test_filter_many_subscribed_nodes","tests.e2e","2026-08-28","broken","2026-08-28","TestE2E","test_e2e","",""
"","25255","test_light_push_with_valid_content_topics","tests.light_push","2026-08-28","passed","2026-08-28","TestLightPushPublish","test_publish","",""
"","2664","test_main_node_relay_and_store__peer_only_store","tests.store","2026-08-28","passed","2026-08-28","TestRunningNodes","test_running_nodes","",""
"","8280","test_get_multiple_store_messages","tests.store","2026-08-28","passed","2026-08-28","TestGetMessages","test_get_messages","",""
"","1210","test_get_debug_version_is_string","tests.rest_flags","2026-08-28","passed","2026-08-28","TestDebugFlags","test_debug_flags","",""
"","1290","test_light_push_with_missing_pubsub_topics","tests.light_push","2026-08-28","passed","2026-08-28","TestLightPushPublish","test_publish","",""
"","3244","test_subscribe_via_api_to_new_content_topics[content_topic_list1]","tests.sharding","2026-08-28","passed","2026-08-28","TestRelayAutosharding","test_relay_auto_sharding","",""
"","2533","test_single_pubsub_topic[/waku/2/rs/5/1]","tests.sharding","2026-08-28","passed","2026-08-28","TestRunningNodesStaticSharding","test_running_nodes_static_sharding","",""
"","0","test_valid_payloads_random_epoch_at_slow_rate","tests.relay","2026-08-28","skipped","2026-08-28","TestRelayRLN","test_rln","",""
"","6627","test_get_peers_after_node1_was_restarted","tests.peer_exchange","2026-08-28","passed","2026-08-28","TestPeerExchange","test_peer_exchange","",""
"","63964","test_sender_uses_regular_api_receiver_uses_auto_api","tests.sharding","2026-08-28","broken","2026-08-28","TestRunningNodesAutosharding","test_running_nodes_auto_sharding","",""
"","0","test_time_filter_matches_one_message","tests.store","2026-08-28","broken","2026-08-28","TestTimeFilter","test_time_filter","",""
"","13","test_filter_subscribe_with_invalid_content_topic_format","tests.filter","2026-08-28","passed","2026-08-28","TestFilterSubscribeCreate","test_subscribe_create","",""
"","0","test_sync_nodes_are_relay","tests.store_sync","2026-08-28","skipped","2026-08-28","TestStoreSync","test_store_sync","",""
"","63995","test_admin_service_peers_schema","tests.rest_flags","2026-08-28","broken","2026-08-28","TestAdminFlags","test_admin_flags","",""
"","0","test_filter_ping_on_subscribed_peer","tests.filter","2026-08-28","broken","2026-08-28","TestFilterPing","test_ping","",""
"","0","test_optional_nodes_not_subscribed_to_same_topic","tests.filter","2026-08-28","broken","2026-08-28","TestFilterMultipleNodes","test_multiple_nodes","",""
"","1247","test_time_filter_zero_end_time","tests.store","2026-08-28","passed","2026-08-28","TestTimeFilter","test_time_filter","",""
"","0","test_default_page_size","tests.store","2026-08-28","broken","2026-08-28","TestPageSize","test_page_size","",""
